2.84733e+10
2.52559e+07
5.61063e+11
1.93407e+11
2.95797e+07
1.282e+11
3.96111e+11
2.11428e+06
2.02078e+10
4.06421e+11
6.71535e+07
4.73611e+10
2.38026e+11
8.28711e+07
1.56778e+11
1.06548e+10
6.38869e+07
1.23532e+10
8.55875e+11
4.56049e+06
2.48287e+11
6.57272e+11
3.97184e+07
8.89473e+11
7.62424e+11
4.28869e+07
1.36869e+10
4.41726e+11
7.72975e+06
8.32879e+11
4.60094e+11
4.39866e+07
3.44478e+11
2.10957e+10
5.62493e+07
1.12645e+11
1.08754e+11
4.6629e+06
3.57885e+11
5.55705e+10
1.1966e+06
8.23373e+11
6.76962e+11
6.79874e+07
2.25165e+11
7.34275e+11
4.10468e+07
5.23968e+11
5.19804e+11
4.43923e+07
1.97012e+11
2.53417e+11
5.47327e+07
1.24954e+11
1.17056e+11
3.78691e+07
6.44273e+10
2.09042e+11
8.7998e+06
4.68298e+11
5.97474e+11
2.3202e+07
1.84665e+11
2.19443e+11
7.95163e+07
4.04118e+11
8.024e+11
2.81904e+07
2.14513e+11
6.94503e+11
3.49397e+06
1.16241e+11
8.21647e+11
1.72191e+07
1.31025e+11
3.84659e+11
1.95532e+06
4.92834e+11
1.51766e+11
9.81745e+07
5.26443e+10
5.32733e+10
7.42826e+07
1.69941e+11
1.99853e+11
3.63903e+07
1.71179e+11
5.04491e+11
5.94671e+07
4.94657e+11
5.33789e+11
5.71797e+07
8.58287e+10
3.97705e+10
6.02324e+07
4.1576e+11
1.26101e+11
8.8698e+07
3.51822e+11
5.05186e+11
1.04964e+07
3.72676e+11
5.91728e+11
3.73418e+07
4.6342e+11
2.78973e+11
5.58554e+07
6.10539e+11
1.45923e+11
8.66031e+06
4.10679e+11
4.07952e+10
5.13933e+07
2.21304e+10
1.03326e+11
1.85767e+07
1.34243e+11
1.98267e+10
5.12729e+06
9.13437e+11
1.092e+10
4.54154e+07
3.89995e+11
1.41712e+11
3.41444e+07
4.52326e+10
8.79087e+11
8.27989e+06
4.65637e+10
5.26269e+11
2.72891e+07
1.86468e+11
7.92815e+11
2.48506e+06
3.69085e+10
8.79024e+11
1.64062e+07
2.31102e+11
2.77702e+10
7.19438e+07
8.19489e+11
2.94143e+11
1.4379e+07
4.03834e+11
1.82093e+10
7.12666e+06
3.46734e+10
9.97038e+10
2.19241e+07
3.1488e+10
8.06503e+11
1.07177e+06
5.60109e+11
4.4667e+11
4.30732e+06
1.066e+11
8.06289e+10
6.26002e+07
4.82977e+11
6.83248e+11
9.54647e+07
6.93357e+11
4.71873e+10
3.29501e+07
9.20343e+11
5.26876e+11
1.77146e+07
9.96818e+11
3.64289e+10
7.06858e+07
6.84589e+11
7.08459e+11
4.19249e+07
7.3011e+10
6.20206e+11
1.1995e+07
5.00397e+11
3.09694e+10
7.0155e+07
7.13185e+11
6.52787e+10
4.32827e+07
7.34314e+10
2.66335e+11
4.42464e+07
6.06771e+11
7.87097e+11
3.48861e+07
3.44003e+11
2.17927e+11
3.6541e+06
9.80031e+11
3.91178e+11
7.58911e+07
6.64627e+11
4.84875e+11
6.82462e+07
8.07615e+11
1.19027e+11
1.7248e+07
6.48922e+11
1.18751e+11
2.28543e+07
5.15627e+11
3.64996e+11
5.77995e+07
5.78913e+10
6.8007e+11
2.49587e+07
6.10472e+10
5.71426e+11
9.762e+07
4.32241e+11
4.36231e+10
3.26918e+07
8.46688e+11
3.88775e+11
1.22063e+07
4.50697e+11
5.70317e+11
4.35842e+06
5.43499e+10
5.18636e+11
9.31975e+07
5.11456e+10
7.0254e+11
2.83174e+07
6.69431e+10
6.06853e+11
3.17626e+07
1.51544e+11
4.17048e+11
9.74164e+06
1.77016e+11
4.15833e+10
9.12193e+07
5.94933e+11
5.67238e+11
8.98234e+07
4.08886e+11
4.75282e+10
8.02003e+06
6.76187e+11
1.06314e+11
3.50086e+06
1.74084e+11
4.66939e+11
1.04448e+07
5.80495e+11
3.67893e+11
1.19356e+07
3.16272e+11
8.24403e+11
3.64813e+07
9.20793e+10
1.75106e+10
6.37957e+07
9.91133e+11
3.33615e+11
8.32896e+07
5.67911e+10
3.48128e+11
2.28559e+07
1.37889e+11
7.33368e+11
6.13228e+07
7.29822e+11
5.19584e+11
8.44048e+06
1.82353e+10
2.51602e+11
1.77456e+07
5.98875e+11
1.75906e+10
2.38106e+06
3.32913e+11
1.30959e+10
5.85357e+07
6.47366e+11
9.05971e+10
2.4773e+07
6.38715e+10
1.25118e+11
5.40779e+07
5.75536e+10
4.02263e+11
2.22918e+07
3.57685e+10
8.56172e+11
1.83357e+07
1.81128e+11
2.21009e+11
1.37054e+07
9.79329e+11
1.13199e+11
5.60676e+07
1.22369e+11
2.18822e+11
6.12191e+06
6.62475e+11
3.59287e+10
3.4734e+07
2.29348e+11
3.94492e+11
2.08134e+06
8.75621e+11
2.82892e+11
2.58336e+07
2.04045e+11
1.73662e+11
1.01952e+06
2.27114e+11
5.78405e+11
1.4452e+07
8.41766e+11
4.93348e+11
3.15651e+07
2.68743e+11
9.99564e+11
2.58966e+07
8.07654e+11
8.40297e+11
1.19811e+06
6.78669e+11
4.75206e+11
5.0673e+07
8.89087e+10
2.8042e+10
6.20679e+07
5.32883e+11
6.92451e+11
6.53322e+07
8.74913e+10
1.00526e+11
4.97296e+07
2.67928e+11
3.52604e+10
8.44389e+07
3.52777e+11
1.76665e+11
1.3816e+07
9.06056e+10
1.32658e+10
3.43254e+06
2.44824e+10
2.02021e+11
1.24886e+07
7.91812e+11
2.11169e+11
7.61592e+07
9.84436e+11
2.75654e+11
1.20522e+06
2.46548e+10
2.06961e+11
3.72027e+07
5.61294e+11
1.53405e+11
5.17362e+07
3.86314e+11
9.75767e+10
8.69979e+06
6.94623e+11
9.39408e+11
4.77732e+06
4.61095e+11
5.46562e+11
5.63478e+07
7.51758e+10
2.74724e+11
8.99913e+06
8.27537e+11
3.07142e+11
9.79876e+07
8.75246e+11
2.85883e+11
3.21645e+07
2.6101e+11
3.14995e+11
3.25508e+07
2.34547e+11
9.49659e+10
6.3756e+07
6.11021e+11
1.59848e+11
9.83728e+07
7.72688e+11
4.32448e+11
5.45655e+07
2.32942e+11
9.0994e+11
1.08609e+07
6.03789e+11
3.67311e+11
7.13785e+07
4.60909e+11
8.98357e+10
5.63245e+06
4.23547e+10
7.75114e+11
3.93365e+07
2.25008e+11
1.68954e+11
3.21378e+07
6.86559e+10
8.75014e+10
4.90311e+07
3.06915e+10
2.37408e+11
5.54003e+07
3.42229e+11
3.42875e+11
1.2212e+07
1.54365e+11
6.02467e+11
5.70462e+07
3.4373e+10
6.89967e+10
8.6879e+07
8.26893e+10
6.23481e+11
2.80141e+06
2.6132e+10
9.43025e+11
1.12474e+07
5.57642e+11
7.48296e+11
6.50789e+07
9.87095e+11
8.52847e+11
2.15057e+07
3.06526e+11
2.62472e+11
2.32808e+07
3.15634e+11
9.02707e+11
4.94258e+07
3.41946e+11
2.35503e+11
1.00843e+07
2.6074e+11
4.32537e+11
4.63186e+07
3.64783e+11
1.41507e+11
7.10636e+07
4.93735e+11
9.38198e+11
3.98631e+07
8.44607e+11
1.15369e+11
6.8707e+07
3.41817e+11
5.8901e+10
5.66693e+06
2.69069e+11
7.4799e+11
2.67204e+07
9.77271e+10
5.7079e+10
4.98576e+07
3.81453e+10
5.54753e+11
2.6494e+06
5.36313e+11
2.81269e+11
1.08433e+07
4.04489e+11
4.42464e+10
1.46699e+07
3.20687e+11
4.96673e+11
3.04391e+07
5.49116e+10
2.0712e+11
7.50815e+07
1.98762e+11
5.65824e+11
4.74727e+07
7.62985e+11
2.17959e+11
1.44127e+07
3.59953e+11
7.15287e+11
9.90603e+07
5.87329e+11
2.97668e+11
1.87958e+06
2.81751e+11
1.11969e+11
4.56113e+06
1.42994e+11
3.32303e+11
1.38217e+06
5.87199e+11
1.12009e+10
5.64822e+07
8.47582e+11
1.38306e+10
4.4554e+07
2.47095e+11
3.46872e+11
3.38121e+06
5.34894e+11
2.13768e+10
7.82415e+07
5.45712e+10
4.39609e+11
5.23521e+06
5.09789e+11
1.02233e+11
6.01838e+07
1.18642e+10
9.03918e+11
9.12541e+06
1.9462e+11
1.41265e+11
1.61047e+07
8.55943e+11
5.24397e+11
2.79318e+07
1.04169e+10
1.62639e+11
2.65517e+07
4.20542e+11
8.86693e+11
6.23729e+07
1.16296e+11
2.98056e+10
3.86369e+06
6.46063e+11
4.05554e+11
1.65758e+06
6.54979e+11
3.63211e+11
8.46005e+07
3.2377e+10
3.69201e+11
4.86432e+07
9.00928e+11
3.0275e+10
6.3985e+07
1.98102e+11
7.86959e+11
2.91928e+06
1.3549e+11
5.6578e+11
5.17902e+06
5.78237e+11
7.32762e+11
6.00325e+07
9.88736e+11
6.60432e+11
1.79746e+07
7.87202e+11
3.25418e+11
7.62132e+06
7.78021e+10
1.68438e+11
8.47682e+06
7.53941e+10
6.96631e+11
9.19044e+07
1.09386e+10
2.79595e+11
1.93547e+07
9.14483e+11
2.50834e+11
1.90825e+07
1.03711e+11
3.44629e+11
9.81716e+07
4.90174e+10
4.86529e+11
1.32784e+06
2.64254e+11
9.43478e+10
1.01985e+07
1.82634e+11
1.94014e+11
2.12612e+07
9.57323e+11
4.48949e+11
4.21153e+07
9.54207e+11
6.44762e+11
2.66152e+06
5.21772e+10
9.61641e+11
1.05086e+07
3.13108e+11
1.39712e+11
4.39603e+07
6.58522e+11
1.16901e+11
3.60013e+06
6.81854e+11
1.74725e+11
4.55936e+07
3.66461e+11
1.83618e+10
2.55375e+06
1.84341e+10
5.42746e+10
7.08251e+07
7.3135e+11
9.87693e+11
2.04533e+07
5.51175e+11
1.00623e+11
6.21273e+07
4.68873e+11
8.54179e+11
8.60081e+07
5.191e+11
1.42201e+11
4.36389e+07
7.78736e+11
8.47808e+11
1.71199e+07
4.86381e+11
1.25683e+11
4.03224e+07
5.72317e+11
1.25321e+11
7.62199e+07
3.61824e+11
8.1092e+10
1.09298e+07
2.13486e+11
5.46598e+11
2.97699e+06
6.23671e+10
3.04243e+11
1.64395e+07
2.16873e+11
9.22074e+11
1.35743e+07
5.00461e+10
9.70917e+10
2.72476e+07
7.20673e+11
2.86339e+11
4.01234e+06
9.20127e+11
8.65048e+11
7.66581e+07
1.27164e+11
5.74823e+11
6.84936e+07
9.45321e+11
4.60262e+10
6.62774e+06
1.66934e+10
2.47947e+10
6.18239e+07
2.02212e+10
1.40957e+10
5.93604e+07
7.45802e+11
9.25032e+11
4.53132e+06
1.54842e+11
8.24312e+10
2.015e+07
2.46234e+11
4.2578e+11
2.01373e+07
8.23343e+10
7.10324e+11
5.46841e+06
2.0799e+11
8.90066e+10
2.4188e+06
5.34372e+10
7.9146e+10
3.91814e+07
4.12036e+10
9.22446e+11
5.96306e+07
2.09164e+10
6.01541e+11
7.31935e+07
7.78519e+11
2.06852e+10
1.13066e+07
4.60256e+11
5.39059e+11
2.48483e+07
7.38713e+11
2.96877e+11
6.93596e+06
5.45164e+11
1.31941e+11
6.95572e+07
5.28809e+11
1.14133e+11
4.22277e+07
4.64242e+11
1.11873e+11
5.11973e+07
3.49046e+11
4.79366e+10
1.77285e+06
1.94854e+11
3.13974e+10
1.29388e+07
6.03854e+10
5.63427e+11
6.43147e+06
6.05259e+11
1.62563e+11
1.07647e+06
8.54394e+11
3.25594e+11
7.05851e+06
6.18022e+10
2.72923e+11
3.07376e+07
1.0254e+11
1.95815e+11
9.28383e+06
7.10682e+11
8.78506e+11
2.26282e+06
8.36385e+11
2.13274e+11
2.45433e+07
3.32667e+11
2.97188e+10
6.30632e+06
8.87505e+11
1.14753e+10
5.77959e+07
8.33262e+10
3.43701e+11
2.05766e+07
6.47287e+11
3.49792e+11
1.45702e+06
4.02557e+11
2.0559e+11
6.37042e+07
3.40341e+11
3.26938e+11
6.16383e+07
4.38463e+11
5.12354e+11
1.55504e+06
1.56596e+11
8.15018e+10
2.43648e+07
8.85959e+10
1.19376e+10
3.60318e+07
4.71752e+11
5.08989e+10
3.19831e+07
4.17686e+11
9.62317e+11
2.03765e+07
9.49831e+11
6.37042e+11
1.28159e+07
1.59686e+11
4.21676e+11
1.21398e+07
2.19221e+11
4.04466e+11
5.75875e+07
1.42477e+11
5.99989e+11
5.83095e+07
8.09149e+11
3.22583e+10
4.98374e+07
3.3914e+11
3.91245e+11
9.10289e+06
1.48621e+11
7.95119e+11
5.33091e+07
7.63171e+11
6.62899e+11
3.90347e+07
1.62572e+11
6.55054e+11
7.66478e+07
2.23785e+11
1.55528e+10
8.21076e+07
3.69998e+11
1.7276e+11
8.1087e+07
4.31603e+11
8.23555e+11
6.79861e+07
4.09397e+10
7.32521e+10
7.29864e+07
3.69444e+11
8.59549e+11
2.76618e+07
9.13703e+11
9.90213e+11
5.18202e+06
1.8185e+10
7.7481e+11
4.43212e+06
1.42312e+10
4.80038e+11
1.97859e+07
1.00597e+11
5.98443e+11
1.92329e+07
7.22403e+11
3.64781e+11
9.2402e+07
8.96382e+11
4.72215e+11
8.38667e+07
2.46754e+11
1.85621e+11
8.9905e+07
9.85537e+11
8.21749e+11
3.93132e+07
8.57505e+11
9.33822e+11
7.83438e+07
4.47104e+11
9.82241e+10
8.67723e+07
8.28985e+10
6.96845e+10
9.18637e+07
2.21906e+11
3.94047e+10
2.31211e+07
5.93253e+11
4.20949e+11
3.2373e+07
3.10252e+11
3.52437e+11
6.56213e+07
5.77636e+11
9.71721e+11
3.08529e+07
1.87515e+11
9.89806e+10
4.12406e+07
9.01212e+10
6.53777e+10
3.63198e+07
1.14425e+10
5.10518e+10
3.30693e+07
8.77482e+11
9.55952e+11
1.63778e+07
3.65785e+11
6.86674e+11
5.14356e+06
5.2179e+11
2.58454e+11
1.07567e+07
1.45082e+10
1.59793e+11
6.79488e+06
2.80745e+11
4.72014e+11
1.45739e+07
2.29899e+11
8.77039e+11
4.77688e+06
4.25084e+10
4.24307e+10
5.0689e+07
5.39607e+11
3.83779e+10
3.28891e+07
6.76117e+10
6.89975e+11
1.17617e+06
5.87793e+11
5.20194e+11
1.63153e+07
8.47012e+10
2.89339e+11
1.20889e+07
1.71804e+11
9.49778e+11
9.63558e+07
5.45987e+11
7.54452e+10
4.7905e+07
7.23843e+11
3.61607e+11
5.21185e+06
7.67091e+11
4.71862e+11
4.42283e+07
2.85771e+11
1.42601e+11
6.88985e+07
2.58661e+10
6.57838e+11
7.39885e+07
4.61218e+10
3.96481e+11
8.07196e+07
6.46207e+10
4.80181e+11
1.82651e+07
1.5326e+11
2.04305e+10
4.01605e+07
2.32007e+10
3.00198e+11
5.67466e+07
7.58271e+10
1.32929e+11
9.17341e+07
1.96052e+11
2.58812e+11
1.25618e+06
3.76842e+10
3.88757e+11
3.199e+06
7.90092e+11
7.57021e+10
3.26554e+07
4.10109e+11
7.85659e+11
8.68952e+07
8.37515e+11
1.18282e+10
7.04645e+06
5.90214e+11
3.9706e+11
9.89792e+07
7.27706e+11
7.61595e+10
7.33648e+06
1.73364e+10
3.67134e+11
3.07444e+06
1.06034e+11
2.08746e+11
2.48675e+06
1.73549e+10
1.40074e+10
1.72321e+06
2.97301e+11
2.93261e+11
7.81726e+07
2.78359e+11
3.39927e+11
7.65956e+07
5.86114e+11
4.3432e+10
5.61799e+06
4.07213e+11
1.06224e+11
4.10849e+07
1.78513e+11
7.3917e+11
6.01226e+07
3.04599e+11
1.25986e+11
2.25037e+07
1.23976e+11
5.50828e+11
3.00426e+06
2.00516e+10
2.78232e+11
5.17898e+07
1.52079e+10
1.64048e+11
8.57996e+07
3.23474e+10
8.08685e+11
7.47869e+07
7.18686e+11
1.08576e+11
2.91917e+07
2.41759e+11
7.11169e+11
2.02565e+07
6.87858e+10
4.81601e+11
7.32047e+07
1.4456e+11
1.88269e+11
4.03623e+07
6.0634e+10
2.92254e+11
1.06343e+07
3.28007e+11
3.29232e+11
7.41801e+07
6.49423e+11
6.47535e+10
3.85911e+06
9.66768e+11
3.57309e+10
6.305e+06
2.25628e+10
8.55446e+10
1.28773e+07
7.13715e+11
6.8784e+11
9.91896e+07
1.53368e+11
1.8631e+11
3.76164e+06
1.84085e+11
3.60008e+11
1.03814e+07
2.63952e+11
3.35176e+10
9.97245e+07
1.60042e+11
8.72382e+10
8.97267e+07
3.533e+10
2.52812e+11
2.79263e+07
9.61365e+11
1.21731e+10
4.79131e+06
7.73294e+11
1.51395e+11
4.24703e+07
6.81414e+11
4.42597e+11
1.08648e+07
2.30918e+11
1.34353e+11
9.91882e+07
4.5312e+11
6.39872e+11
2.20454e+07
1.2421e+10
7.43741e+10
3.50978e+07
4.66532e+11
9.84676e+11
1.1767e+07
1.07578e+11
2.30913e+11
5.15016e+07
9.58291e+11
1.78464e+11
2.73165e+07
1.10807e+11
5.17478e+11
2.70034e+07
1.29706e+10
3.09165e+11
9.73817e+07
8.17218e+11
5.28672e+10
6.61716e+07
1.34832e+10
4.37274e+11
9.00422e+07
3.83319e+11
4.95864e+11
4.88952e+06
5.96001e+11
1.38083e+11
5.01806e+07
1.86237e+11
3.01741e+11
4.69772e+07
3.42876e+11
4.86297e+11
8.84976e+07
7.69959e+11
9.44942e+11
8.20677e+06
1.99323e+11
8.0489e+11
5.19992e+07
1.83639e+10
4.13301e+11
7.13937e+07
7.56803e+11
7.06923e+11
3.06409e+07
8.80321e+11
7.11413e+10
5.09887e+07
4.10387e+11
5.08319e+11
7.94308e+07
6.2476e+11
4.1371e+11
8.33849e+07
2.51061e+11
2.65806e+10
2.7556e+07
3.14854e+11
2.42493e+11
6.19087e+07
3.46809e+11
7.41146e+11
9.96127e+07
5.30011e+11
2.93739e+11
3.96354e+07
6.37787e+11
8.86968e+11
7.37169e+07
1.32769e+10
3.73677e+10
2.25651e+07
8.93608e+11
2.02337e+11
1.06757e+07
7.4102e+10
7.29463e+10
5.21572e+07
6.88888e+11
8.51931e+11
5.35769e+06
4.26578e+11
2.06999e+11
4.15985e+07
7.93668e+10
9.90946e+11
6.71551e+07
9.01348e+11
7.55838e+11
3.05281e+07
8.32168e+11
4.07782e+11
3.00406e+07
1.95578e+11
7.19005e+11
2.87613e+07
4.99918e+11
9.97181e+10
4.45873e+07
9.80648e+11
6.11637e+11
1.01705e+06
3.83733e+11
8.8664e+10
1.08693e+07
6.5215e+10
8.91043e+11
1.94196e+07
1.80018e+10
3.71496e+10
6.21861e+06
1.28895e+11
8.65186e+11
3.74551e+07
7.05374e+11
2.13524e+11
4.34812e+07
2.27607e+11
6.46668e+10
1.68383e+07
4.87147e+11
5.4622e+10
5.83992e+07
7.30312e+11
5.83461e+11
1.09912e+07
1.96723e+10
1.88831e+11
1.20096e+07
4.32506e+10
2.31251e+11
5.5592e+07
8.09198e+10
4.86409e+11
1.89571e+07
9.8673e+11
1.48271e+11
1.84954e+06
2.05734e+11
9.75066e+11
6.76099e+07
8.93694e+11
2.1748e+11
2.13918e+07
8.31469e+11
1.77689e+11
2.06201e+06
1.52119e+11
5.14263e+10
2.21816e+07
2.74919e+11
3.74208e+11
1.03939e+07
1.03743e+10
4.22299e+11
4.73383e+07
3.85757e+10
9.48699e+11
5.81098e+07
3.52826e+11
5.12976e+11
4.37885e+07
2.36187e+11
9.40236e+11
4.90888e+07
3.26333e+11
5.06266e+11
5.70785e+07
3.84471e+11
1.62647e+11
8.78973e+07
1.89607e+11
8.50215e+11
1.62273e+07
3.14044e+11
5.58452e+11
9.86707e+07
5.00913e+10
7.67924e+11
9.35449e+07
1.04814e+10
5.98012e+10
7.89517e+07
8.00453e+11
1.60162e+11
1.98587e+07
7.84238e+11
5.65044e+11
4.76912e+07
8.53364e+11
2.10741e+11
7.38836e+07
2.72348e+11
4.28484e+11
3.44064e+07
5.76333e+11
2.30332e+11
1.12367e+06
1.64648e+10
1.83485e+11
2.84637e+07
5.8077e+11
5.86978e+11
2.70571e+06
2.99673e+10
2.65289e+10
4.30507e+06
8.8492e+11
9.96926e+11
2.70416e+06
1.21426e+11
3.26188e+11
3.55077e+07
8.27738e+11
1.92472e+10
3.19678e+07
4.54089e+11
5.21215e+11
1.01643e+07
1.82077e+11
3.85114e+10
7.08001e+07
3.88029e+11
7.21992e+10
2.92907e+07
3.77375e+11
8.39339e+10
5.24533e+07
8.64657e+11
2.89403e+11
5.01729e+07
6.5081e+11
3.68937e+10
5.30072e+06
1.98436e+11
5.09364e+11
7.39622e+07
7.55971e+11
1.7368e+11
6.47846e+06
2.09073e+11
2.27669e+11
2.15381e+06
1.32718e+10
8.55283e+11
4.31082e+07
7.10961e+11
1.51615e+11
9.74202e+07
8.13392e+11
4.47142e+10
7.59524e+07
2.11794e+11
5.41068e+10
6.49504e+07
4.60649e+11
3.86707e+11
9.38131e+06
3.7317e+11
7.52734e+11
1.53887e+07
2.73918e+11
4.39032e+11
5.42184e+06
4.00002e+10
1.42355e+11
5.48085e+06
3.33741e+11
1.33465e+10
1.59971e+07
2.78932e+11
8.55933e+10
1.5878e+07
1.87036e+11
4.26692e+10
8.46326e+07
1.67893e+11
4.31036e+11
9.75833e+07
7.188e+11
3.77446e+11
1.99713e+07
1.22127e+11
1.03775e+11
5.07343e+07
7.10511e+11
2.26298e+11
3.90719e+07
5.24261e+11
1.56821e+11
1.16209e+07
2.33944e+11
7.75197e+11
5.23157e+07
2.22301e+11
4.11317e+10
4.14603e+07
5.02214e+11
5.17832e+11
1.90862e+07
4.87797e+10
6.21044e+11
1.14155e+06
7.48827e+11
5.49213e+11
2.52671e+07
7.03304e+11
6.32693e+11
1.978e+06
4.50031e+11
1.02606e+11
7.68197e+07
5.84605e+10
8.11648e+11
3.64085e+07
6.95211e+11
2.7596e+11
1.25248e+07
1.37274e+11
5.10181e+10
4.784e+06
3.87394e+11
9.09743e+11
2.95719e+06
8.52804e+11
1.8504e+10
7.58033e+07
6.04663e+11
3.72687e+11
3.14936e+07
2.64131e+11
6.61008e+10
9.57195e+07
2.58844e+10
4.53111e+11
3.0507e+07
6.18419e+11
5.80714e+10
6.5103e+07
3.12152e+11
1.09773e+11
1.44335e+06
1.0234e+10
1.18694e+11
2.47806e+07
3.06356e+11
6.76264e+10
3.29117e+06
7.3069e+10
1.35025e+11
5.20794e+07
3.28013e+11
6.42256e+10
3.76832e+06
1.51346e+11
1.50171e+10
9.49272e+07
3.28024e+11
5.00978e+11
3.40444e+07
4.22959e+11
3.0815e+11
7.07408e+07
5.8995e+11
1.42276e+10
4.98057e+07
6.98096e+10
3.30824e+11
3.44017e+07
2.21855e+11
6.17529e+10
6.01712e+06
3.77645e+11
1.26839e+10
4.36011e+07
9.36713e+11
1.83742e+11
2.93363e+06
4.15635e+11
1.13795e+11
8.43242e+07
3.54711e+11
5.00712e+10
9.18108e+06
3.32167e+11
1.65972e+11
9.5466e+07
6.0507e+11
2.24597e+11
4.95256e+07
2.02394e+10
9.19523e+11
9.30872e+07
1.72806e+11
4.31152e+11
2.86359e+07
9.06306e+11
9.46818e+11
1.10136e+07
7.7723e+11
5.15676e+11
7.148e+07
4.99762e+11
1.37259e+11
5.16832e+07
8.28576e+11
2.33065e+11
8.99349e+07
4.50036e+11
9.29156e+11
6.26481e+07
7.99911e+11
1.56666e+10
1.49686e+06
3.85843e+11
2.56356e+11
8.53723e+07
4.55483e+11
4.23331e+11
2.57919e+07
8.4533e+11
1.39398e+11
9.40155e+07
4.61141e+11
8.20148e+11
4.32152e+07
1.9325e+11
7.00735e+11
7.98871e+06
7.62501e+10
1.60071e+11
1.64464e+07
4.52073e+11
8.45722e+10
4.34573e+07
1.32411e+11
1.60323e+11
5.94061e+07
7.47088e+11
5.13072e+11
4.2136e+07
4.45626e+11
8.1171e+11
5.15335e+07
5.17636e+11
1.51925e+11
2.20791e+07
1.5156e+11
5.69766e+11
5.3106e+06
6.75909e+10
8.1131e+11
7.82823e+07
5.70453e+10
3.20141e+10
5.53622e+06
1.79915e+11
1.65219e+11
9.24014e+07
5.45769e+10
3.31352e+11
2.85374e+06
4.13893e+11
3.2706e+11
3.5192e+07
8.22274e+10
3.95816e+11
3.2806e+07
2.70058e+11
1.00164e+11
5.32178e+07
1.75812e+11
6.94004e+11
1.40867e+07
4.95203e+11
1.71014e+10
4.15257e+07
2.47392e+11
8.14522e+11
2.5624e+07
6.96852e+11
4.80365e+11
2.28198e+06
7.1371e+10
3.87728e+11
1.77371e+07
8.60784e+11
1.671e+11
1.37281e+07
2.61032e+11
6.20047e+10
4.69981e+07
2.24258e+11
3.06775e+11
5.23619e+07
8.69761e+11
2.55746e+11
3.65036e+07
5.91965e+11
4.7497e+11
1.08433e+06
1.92931e+10
3.75799e+11
1.90705e+07
2.22725e+11
5.29898e+11
1.17043e+07
3.19614e+11
7.86284e+11
5.25474e+07
7.058e+10
2.23568e+11
6.65954e+07
5.16009e+11
4.34204e+10
6.79195e+07
4.36708e+11
5.61678e+11
5.0886e+06
1.04069e+11
7.68687e+11
5.96519e+07
2.66739e+11
9.4334e+10
1.13677e+06
8.76086e+11
3.3185e+11
7.88806e+06
7.58132e+11
1.54588e+11
4.10111e+06
7.70379e+11
2.38674e+11
2.48081e+07
6.92524e+11
8.49226e+10
1.53028e+07
5.93695e+11
4.54687e+11
6.10416e+06
1.05146e+11
1.8044e+11
3.01477e+06
1.3068e+11
5.38288e+10
4.4079e+06
2.74805e+11
5.2917e+11
1.16849e+07
8.57124e+11
7.91147e+11
2.23364e+06
9.47372e+11
1.41918e+11
1.01171e+07
6.17937e+11
6.70096e+11
4.71863e+06
4.41129e+10
7.51966e+10
6.46636e+07
1.39407e+11
7.24497e+11
9.08207e+07
1.7961e+10
4.89933e+11
2.13943e+07
1.11114e+11
2.28545e+11
1.65806e+06
1.8204e+11
4.86435e+11
6.80548e+06
6.29104e+10
2.22946e+11
2.07682e+07
7.57906e+11
4.30992e+10
8.0793e+07
7.51877e+11
4.23024e+11
1.02792e+06
1.21517e+11
1.61036e+11
4.97074e+07
5.3741e+10
1.30838e+11
1.8818e+07
1.28821e+11
1.18131e+10
5.48645e+06
3.77917e+11
2.47908e+11
6.4273e+07
8.36078e+10
4.21147e+11
7.15884e+07
4.73509e+11
4.75017e+11
9.60941e+07
3.00628e+11
3.86038e+11
9.0447e+07
1.61132e+10
6.2657e+11
9.72821e+07
8.39462e+11
3.45229e+10
5.08169e+07
9.24211e+10
7.93565e+11
2.1098e+06
3.82478e+11
1.14331e+11
9.28659e+07
3.03585e+11
1.64866e+10
4.38543e+07
1.44964e+11
2.56236e+10
4.68158e+07
2.32423e+10
8.9655e+11
4.39993e+07
4.89985e+11
4.85171e+11
2.85584e+07
4.50902e+11
3.42116e+11
7.57518e+07
5.01619e+11
1.40878e+11
7.65755e+07
8.69314e+11
2.18559e+11
1.69512e+07
3.09544e+11
4.83647e+11
6.31355e+07
9.17684e+11
8.66182e+11
4.61756e+06
2.85322e+11
5.32872e+10
1.92123e+07
8.46819e+11
3.41352e+11
8.19961e+06
2.50239e+10
3.4791e+11
3.25647e+07
1.91644e+10
6.52477e+11
1.4262e+07
8.89343e+11
3.67663e+10
1.71757e+07
2.98272e+11
2.47375e+11
8.53511e+06
9.38656e+11
3.85912e+11
5.03082e+07
7.982e+10
3.59021e+11
3.96221e+07
4.31963e+11
9.17583e+11
1.68492e+06
8.80574e+11
4.89673e+11
6.89898e+07
2.43017e+11
7.78125e+10
4.32918e+06
7.92506e+11
4.11026e+11
2.71614e+07
1.21736e+11
1.02388e+10
7.84653e+07
6.27912e+11
3.14776e+10
9.67456e+07
9.48284e+11
5.76271e+10
1.42131e+06
2.30442e+11
3.89017e+11
1.60468e+07
1.18197e+11
1.37036e+11
2.47134e+06
2.3814e+11
6.81896e+11
2.15933e+07
9.8194e+11
4.92283e+11
6.33915e+06
2.52044e+11
9.8782e+11
9.42252e+07
2.97503e+11
1.38801e+11
1.75613e+07
8.53905e+10
1.6583e+11
9.84705e+07
3.83962e+11
5.21041e+11
2.55024e+07
7.27199e+11
7.85382e+11
1.6e+07
5.74158e+11
3.81843e+11
6.5012e+07
4.18875e+11
1.74854e+11
6.41197e+07
1.55624e+10
5.41741e+11
2.73794e+07
3.61119e+10
1.16649e+11
3.1234e+06
2.51735e+11
8.74089e+11
1.8553e+06
8.41086e+11
9.17933e+11
9.0986e+06
8.98829e+11
4.4117e+11
4.16307e+06
4.35662e+10
1.91046e+11
4.98005e+06
2.65852e+10
6.19634e+11
4.16152e+07
2.82828e+11
5.54732e+11
9.59551e+07
9.01676e+11
1.1738e+11
4.05507e+07
2.40892e+11
5.00208e+10
2.57367e+07
1.80105e+10
2.91849e+11
4.49722e+07
5.40068e+10
1.14105e+11
4.59648e+06
1.49816e+10
3.04154e+11
9.95577e+07
2.55498e+11
3.13695e+11
3.97465e+07
8.58404e+11
7.27078e+11
1.61683e+06
2.65607e+11
2.63094e+11
1.08266e+07
3.12503e+11
2.65425e+11
5.90773e+07
6.65776e+10
1.08086e+11
4.67132e+07
7.29984e+11
1.18458e+11
1.37079e+07
3.7373e+11
3.22341e+11
7.30533e+07
2.81196e+11
3.74178e+10
3.5086e+06
7.53156e+11
7.8994e+11
2.3352e+07
7.14464e+11
3.5189e+10
7.25006e+07
1.98899e+10
2.12929e+10
3.37926e+07
2.70232e+11
3.25459e+11
1.04336e+06
5.97359e+11
1.86192e+11
3.60342e+07
4.11374e+10
8.40663e+10
5.01188e+07
5.83459e+11
3.08867e+11
2.83997e+07
9.92149e+11
3.33713e+10
4.18714e+07
2.46283e+11
4.27791e+11
5.82308e+07
5.69708e+10
3.85201e+11
2.30689e+07
4.55157e+11
7.94078e+11
7.97999e+06
4.18478e+11
1.40365e+11
8.45993e+07
6.02455e+11
5.29066e+11
1.3969e+06
1.22833e+11
5.60474e+11
1.00493e+06
1.68616e+11
1.3488e+11
4.55568e+07
7.29596e+11
7.70084e+11
1.57517e+07
5.87615e+10
2.14333e+11
3.97537e+07
1.20748e+11
1.62168e+10
1.48022e+07
6.97398e+11
5.76727e+10
3.98119e+07
9.83802e+11
1.8668e+11
1.29046e+07
9.15156e+10
3.36335e+11
5.20822e+07
7.14876e+11
4.10435e+11
8.23276e+07
8.44942e+11
8.06025e+11
3.11025e+07
5.43611e+11
2.14873e+11
1.31251e+06
6.92972e+11
1.4021e+11
3.74813e+07
3.96268e+11
1.80411e+10
1.7543e+07
2.2704e+10
5.82472e+11
5.10625e+06
4.92693e+11
6.75496e+11
4.65378e+06
6.00466e+11
8.85013e+10
6.07012e+07
4.77012e+11
2.0574e+10
2.27492e+06
5.84689e+11
1.88476e+10
4.44535e+06
2.35913e+11
5.45243e+11
2.38218e+06
7.62284e+11
1.00102e+10
1.17057e+07
2.13869e+10
5.24754e+11
6.03022e+07
1.777e+10
8.74101e+11
9.35393e+06
3.99144e+11
5.10152e+11
3.56616e+07
6.36338e+11
8.8223e+11
9.11468e+07
3.09406e+10
8.6076e+11
3.76241e+07
1.78435e+11
5.52131e+11
1.13032e+07
1.07426e+11
9.57737e+11
4.19549e+07
5.34826e+11
1.05953e+11
2.89385e+07
3.67201e+11
2.18743e+11
2.76465e+07
1.41732e+11
4.23078e+10
8.6415e+07
6.71941e+11
1.74773e+11
8.41776e+07
3.24036e+11
6.28676e+11
1.20301e+07
2.65799e+11
7.22487e+11
6.14691e+07
2.97326e+10
3.09892e+11
2.21165e+07
6.94005e+11
1.31878e+11
5.09697e+06
3.82722e+10
3.48441e+10
1.29926e+06
5.92781e+11
2.26986e+11
5.82365e+07
6.9126e+11
1.66262e+11
6.12167e+06
2.09292e+10
7.30368e+10
1.18699e+07
1.84492e+11
8.13824e+11
4.05181e+07
4.64696e+11
5.52572e+11
1.30594e+07
1.90268e+11
6.24118e+11
4.65067e+07
1.79336e+10
7.15994e+11
1.11316e+06
1.2933e+11
1.96439e+11
6.56855e+06
9.37644e+11
6.62098e+11
4.38411e+07
6.22434e+11
6.43062e+11
8.12343e+07
2.99273e+10
3.61446e+10
3.40111e+07
3.76613e+10
6.61497e+10
2.4588e+07
6.88027e+11
9.07343e+11
7.14548e+07
8.36223e+10
2.20872e+11
7.05026e+07
1.75986e+11
8.68068e+11
9.69001e+06
9.57158e+11
3.92136e+11
6.15276e+07
9.36886e+11
6.63313e+11
1.77828e+07
4.67514e+11
6.91469e+10
4.53534e+07
8.38247e+10
4.28388e+11
6.23851e+07
9.41738e+11
8.5959e+11
2.51876e+07
8.97826e+10
1.36209e+11
8.83409e+07
8.483e+10
6.88219e+11
9.97467e+07
1.02769e+11
8.02492e+11
2.44098e+06
6.87296e+11
9.84335e+11
4.04087e+06
3.99545e+10
9.09723e+11
2.16408e+07
5.23124e+11
4.70581e+11
2.44572e+07
8.40639e+10
8.47452e+11
4.01537e+07
7.09505e+11
6.36503e+11
8.36521e+07
1.58769e+10
9.16181e+11
1.58943e+07
2.8726e+11
1.12e+11
7.69919e+07
4.63593e+10
3.74674e+11
8.21819e+06
8.16007e+11
9.24384e+11
4.83906e+07
1.98339e+11
1.35074e+11
8.01579e+06
4.82194e+11
3.07063e+10
3.41914e+07
4.69178e+11
9.59004e+10
4.94719e+07
1.58421e+11
4.25671e+11
4.11116e+07
3.49453e+10
8.76164e+11
8.09672e+07
6.33291e+11
1.24826e+11
8.87362e+07
6.70607e+11
2.21152e+11
1.2406e+07
8.65077e+11
1.94342e+11
3.38976e+07
1.31644e+11
8.2211e+11
5.19091e+06
1.6153e+11
5.37923e+11
5.85657e+07
4.99528e+11
2.47998e+11
6.72518e+07
5.36611e+11
9.32999e+11
8.60684e+07
1.32652e+11
1.18408e+10
1.60894e+07
4.90566e+11
3.93198e+10
1.90888e+07
7.8702e+11
2.53842e+11
2.87667e+07
3.93941e+10
2.38507e+11
3.45579e+07
1.4739e+11
5.21281e+11
8.32823e+07
1.09265e+10
2.8814e+11
6.68373e+06
1.52267e+11
2.80403e+11
2.14993e+07
6.58294e+11
7.13499e+11
3.94633e+07
6.29249e+11
5.31139e+11
2.9656e+07
2.14858e+10
6.26956e+10
3.29419e+07
2.04635e+10
6.43389e+11
5.30314e+07
1.0014e+11
4.3016e+11
5.82012e+07
7.24461e+11
5.27156e+11
7.04261e+06
8.65578e+11
6.35308e+11
1.1358e+07
6.81416e+10
1.01343e+10
2.85482e+07
3.20627e+11
2.74348e+11
4.87937e+07
1.41733e+11
5.93573e+11
6.24426e+06
1.55592e+11
4.8607e+11
1.19073e+07
3.19055e+11
3.24887e+10
5.75535e+07
7.05594e+11
1.70391e+10
1.36555e+07
8.28777e+11
9.94312e+11
7.12269e+07
3.16548e+11
4.60382e+11
4.93137e+07
1.05429e+11
1.49881e+11
7.1439e+07
6.19125e+11
6.66959e+10
2.89957e+07
2.66149e+10
3.1634e+11
5.15649e+07
1.58835e+11
8.68031e+11
3.19291e+07
5.29917e+11
2.63759e+10
9.48246e+07
4.10478e+11
4.42137e+10
8.91913e+07
1.9311e+11
1.15284e+11
7.60225e+07
7.09249e+10
2.03396e+10
1.63387e+07
8.70815e+11
5.73415e+11
2.77674e+07
7.59614e+11
2.93449e+10
9.21617e+07
5.69342e+10
9.52643e+11
5.59987e+07
4.97016e+10
6.50143e+11
2.853e+07
7.33913e+11
3.84171e+11
3.29225e+07
2.6682e+11
2.61355e+11
7.35467e+06
1.0996e+11
4.3609e+11
6.97595e+07
9.72179e+11
5.13321e+11
9.25183e+07
1.48932e+10
1.61975e+11
8.99444e+07
2.24815e+11
2.77324e+11
1.69802e+07
1.83567e+11
8.38456e+11
2.72152e+06
7.25712e+11
7.42276e+11
9.70686e+07
1.79439e+10
8.81195e+10
9.62314e+07
3.18248e+10
1.17619e+11
1.47904e+07
9.08592e+11
4.11881e+10
1.07836e+07
7.66263e+11
9.68535e+10
7.44565e+06
4.95179e+10
9.58857e+11
3.36891e+07
9.97638e+10
5.57767e+10
6.03017e+07
2.99811e+11
6.81805e+11
2.9009e+07
2.37398e+11
3.55333e+11
3.78023e+07
5.01868e+11
5.22944e+11
5.85617e+07
6.55843e+10
2.37512e+11
3.79945e+06
9.39044e+10
9.80799e+10
4.08768e+07
7.73861e+10
8.37171e+11
1.61925e+07
7.09127e+11
4.81241e+10
7.16054e+07
7.80731e+11
1.70077e+10
8.82399e+07
2.95639e+11
9.26471e+11
5.70786e+07
7.21314e+11
5.76515e+11
4.06604e+06
1.32838e+11
6.80531e+11
1.65865e+07
9.54902e+10
8.05749e+11
2.77636e+07
1.45194e+11
5.71702e+10
4.38658e+07
6.15872e+11
8.39489e+11
9.82976e+07
7.62518e+11
5.03516e+10
4.53369e+07
1.96823e+11
9.87665e+11
8.4149e+07
1.23679e+11
1.52442e+10
1.97499e+07
8.81082e+11
3.00131e+10
4.37488e+07
1.49882e+11
1.23526e+11
2.87922e+06
7.64198e+11
9.67093e+11
4.5741e+07
3.43072e+11
6.45898e+11
4.93848e+07
5.109e+11
5.21912e+11
9.21015e+07
4.01082e+11
1.09885e+11
6.12273e+07
8.3644e+10
3.11121e+11
3.98134e+06
5.3155e+11
4.48531e+11
1.9105e+07
3.44707e+11
7.18842e+11
1.45413e+07
6.86726e+10
8.7196e+11
1.57822e+06
6.29287e+11
7.11548e+11
8.12544e+07
7.90649e+11
1.42032e+11
1.56119e+06
2.01845e+11
6.28423e+11
2.91918e+06
2.29908e+11
4.14928e+11
5.14684e+07
7.31202e+10
4.56244e+11
1.03831e+07
4.10907e+11
9.22013e+11
1.56348e+07
6.10001e+11
5.2346e+11
4.26685e+06
7.88569e+11
1.07615e+11
1.90848e+07
9.54648e+11
6.67491e+11
6.54928e+07
3.74472e+11
1.38909e+10
4.06056e+07
9.82646e+11
3.50281e+10
8.20831e+07
3.00365e+11
1.23827e+11
1.72409e+06
1.39645e+11
7.44802e+10
1.01947e+06
6.9753e+11
2.26395e+10
1.46182e+07
4.96781e+11
1.49815e+11
1.60007e+07
5.16442e+10
1.49904e+10
5.52855e+06
5.84385e+11
1.60454e+10
8.33307e+06
1.00406e+10
7.76461e+10
1.69256e+07
9.72297e+11
5.42068e+10
8.91864e+07
7.96893e+11
2.86167e+11
7.81988e+07
3.81969e+10
7.55844e+11
2.19493e+07
2.38597e+11
1.841e+11
6.5628e+07
5.48236e+11
6.205e+11
4.70674e+07
1.17593e+10
7.01817e+11
9.74638e+07
2.57211e+11
1.88248e+11
7.52096e+07
9.32769e+11
6.18379e+11
5.36002e+07
3.59371e+11
1.3837e+11
7.02279e+06
5.37954e+11
3.6002e+10
2.36395e+07
9.6016e+10
4.64764e+11
6.37572e+06
3.50573e+11
9.40539e+11
8.35316e+07
1.36269e+11
4.51409e+11
5.91681e+06
7.33041e+11
7.02559e+11
1.6282e+07
1.28825e+11
3.15879e+11
2.30386e+06
5.30458e+11
7.72303e+11
2.21301e+07
9.97762e+11
2.68402e+11
1.31362e+07
7.84603e+11
5.82945e+11
3.50862e+07
4.4045e+11
3.01245e+11
9.5331e+07
7.0448e+11
1.16461e+11
1.59002e+07
5.53815e+11
1.2158e+10
2.8843e+07
1.45729e+10
4.63778e+11
3.14508e+07
4.56759e+10
1.03907e+11
5.54194e+06
1.90324e+11
7.17247e+11
4.21329e+07
1.3188e+11
3.84969e+10
6.81682e+06
3.2731e+11
7.22447e+11
4.2203e+07
6.26338e+11
3.72359e+11
4.54568e+07
4.58807e+10
2.59106e+11
1.90397e+07
3.87562e+11
3.70189e+11
4.43859e+07
1.02314e+10
1.10269e+11
2.41798e+07
2.02345e+10
6.53321e+11
5.51693e+07
2.56224e+11
2.71749e+11
1.68854e+06
7.37314e+10
6.66344e+11
3.73326e+07
4.96658e+11
7.71105e+11
1.29e+07
3.35719e+11
6.66665e+10
5.8263e+07
2.93645e+10
8.15497e+11
2.20889e+07
9.26955e+11
7.44925e+11
4.22452e+07
2.70385e+10
7.41112e+11
5.41845e+06
6.82361e+11
2.96619e+11
2.80701e+07
1.19815e+11
6.64022e+10
1.13539e+07
5.84779e+11
2.27064e+10
1.43826e+07
9.39602e+10
1.23989e+11
5.43065e+06
3.77712e+11
4.94181e+11
4.09488e+07
4.24966e+10
8.37944e+11
5.05669e+07
9.82058e+11
3.77764e+11
9.98678e+07
2.2217e+10
4.42893e+11
8.50574e+07
7.03738e+11
8.81441e+11
3.28083e+07
1.42123e+11
5.62906e+11
6.32937e+07
4.39708e+11
3.2429e+11
1.26641e+06
4.70513e+11
3.32804e+11
3.91054e+07
2.00551e+10
2.13487e+11
8.7282e+07
1.02352e+11
4.09746e+10
6.42994e+07
2.30689e+11
3.9639e+10
3.87058e+07
3.27385e+11
2.70611e+11
8.04807e+07
2.16419e+11
1.95558e+11
6.84467e+06
9.00951e+11
6.87908e+11
8.82118e+06
7.54025e+11
5.91255e+11
1.3756e+07
4.61837e+11
3.26699e+11
1.26528e+06
6.85559e+11
1.20925e+11
5.27016e+06
3.25659e+11
1.41517e+11
9.57197e+06
3.33068e+10
5.75199e+11
2.09844e+07
4.67703e+11
8.33452e+11
6.31855e+07
7.79095e+11
5.13197e+10
2.73146e+07
6.74377e+11
1.05582e+11
2.30861e+07
5.18197e+11
4.14309e+11
4.43084e+07
8.31048e+11
5.22088e+11
1.46237e+07
9.23595e+10
3.43583e+11
7.85279e+07
1.16538e+10
6.9769e+11
7.34871e+07
5.7893e+11
8.43355e+11
4.36071e+07
2.90755e+10
2.959e+11
9.94824e+07
2.87557e+11
4.53722e+11
4.51873e+07
9.90969e+11
3.11672e+11
9.50688e+07
8.446e+11
2.45024e+11
7.90843e+07
8.85379e+11
3.09369e+11
7.83511e+07
5.9214e+11
5.18909e+10
4.09484e+07
2.12827e+10
7.84905e+10
7.87377e+06
7.76826e+10
4.69413e+11
1.03255e+07
8.86417e+11
9.43087e+11
1.7518e+07
1.79087e+11
2.82445e+11
8.17129e+06
4.0373e+10
1.0266e+11
2.07739e+07
2.30518e+10
3.98765e+11
2.50892e+06
7.2771e+11
8.97999e+11
6.91701e+07
5.55879e+11
1.3439e+11
9.86347e+07
2.0331e+10
6.28036e+11
3.7358e+06
6.61532e+11
2.66459e+10
1.40218e+06
2.42557e+11
3.38614e+10
8.74877e+07
4.85928e+10
6.05166e+11
4.01201e+06
4.15142e+11
8.42276e+11
4.95346e+07
3.15394e+11
6.16179e+11
2.72239e+07
2.85896e+11
3.65788e+11
3.52844e+06
2.77467e+11
4.22921e+11
8.3447e+07
6.79297e+10
7.02141e+11
3.32955e+06
4.31307e+11
9.40843e+11
1.40068e+07
5.90197e+11
6.20835e+10
9.43784e+07
5.96009e+11
1.66082e+11
7.72292e+07
2.33458e+10
1.96703e+11
7.61675e+07
7.24379e+11
6.79241e+11
1.29799e+07
6.09841e+11
4.73701e+11
5.08308e+07
7.6334e+11
2.33825e+11
3.61767e+07
2.65135e+11
8.92021e+11
6.60243e+06
6.73336e+11
3.08397e+10
1.10936e+07
4.4443e+11
4.2042e+11
6.00698e+06
1.19616e+10
2.0515e+11
5.77584e+07
8.90231e+11
2.98432e+10
1.63796e+07
9.3471e+11
3.87642e+11
5.88073e+07
1.57781e+10
6.94812e+10
2.31457e+07
3.89934e+11
6.82402e+11
2.42452e+06
8.77707e+10
5.50027e+10
6.34362e+07
1.83191e+11
3.30634e+11
1.85986e+06
3.50958e+10
1.28369e+10
1.19249e+06
3.08204e+11
3.42955e+11
5.41691e+06
2.89078e+11
7.00943e+11
8.07746e+07
1.09361e+11
5.85603e+11
6.45232e+07
6.07089e+11
1.13933e+11
7.74973e+07
9.09289e+11
3.32369e+11
1.64163e+06
4.57192e+10
6.26997e+11
2.02258e+07
5.55359e+11
4.26649e+11
4.17142e+07
1.30798e+11
2.52744e+11
9.27436e+07
2.40578e+11
9.5669e+11
1.58978e+07
8.26653e+10
1.37481e+11
1.27357e+06
2.15506e+11
6.44928e+11
7.65716e+07
1.48783e+10
6.84972e+11
4.47867e+07
2.38697e+11
4.78046e+11
1.90969e+07
4.13177e+11
7.57802e+10
9.63795e+07
8.53452e+11
2.32539e+10
4.06125e+07
3.2183e+11
4.43581e+11
3.72007e+07
8.67294e+11
2.46894e+11
4.21094e+07
9.84692e+11
4.28789e+11
2.08841e+07
6.17627e+10
3.77876e+11
1.26942e+07
5.83453e+10
8.03523e+11
7.84689e+07
7.36563e+11
5.55205e+11
1.01381e+06
2.51777e+11
4.09404e+11
2.25543e+07
6.59537e+10
3.23242e+10
9.45478e+06
5.40835e+11
7.31988e+11
2.79162e+06
4.41095e+11
3.27824e+10
4.9295e+07
4.90084e+11
2.88615e+10
8.78329e+07
1.189e+11
2.76085e+10
9.78011e+06
1.03799e+11
2.39846e+11
9.32401e+06
5.59269e+11
1.90181e+11
5.47479e+07
3.04639e+11
1.42826e+11
6.22732e+07
2.19739e+11
3.10845e+11
8.27956e+06
6.85822e+11
7.80245e+11
5.98704e+07
1.07282e+11
5.7109e+11
1.55969e+07
5.33333e+11
9.83908e+10
9.49669e+07
4.30544e+11
6.0935e+11
2.35986e+07
1.09149e+10
3.60731e+11
6.91344e+07
5.00742e+11
1.37685e+10
2.71712e+07
2.92496e+11
4.69852e+11
2.48039e+06
3.72588e+11
6.96184e+11
2.07066e+06
1.75135e+11
3.54083e+10
2.75815e+07
2.89876e+11
3.77124e+11
7.80223e+07
1.60946e+11
5.93749e+11
5.06967e+07
8.68924e+11
2.71242e+11
2.13782e+06
4.47674e+11
2.08152e+11
4.25103e+06
3.30334e+11
1.72052e+10
5.10287e+07
2.46502e+11
1.79963e+11
9.62901e+07
1.11567e+11
9.45995e+11
1.36594e+06
6.41486e+11
2.9468e+11
4.4452e+07
1.31411e+10
1.45079e+10
4.88645e+07
7.79129e+10
1.6496e+10
9.86106e+06
1.52225e+11
6.50493e+11
7.01275e+07
3.85685e+10
1.89573e+11
8.05408e+07
1.82802e+11
2.26979e+11
6.50515e+07
8.81782e+11
3.55156e+11
8.1315e+07
6.36385e+11
4.87781e+10
3.63731e+06
7.65317e+11
8.09878e+11
1.36289e+07
4.95208e+11
6.92035e+10
2.05982e+07
9.00719e+11
1.29416e+11
8.04706e+07
1.22754e+10
4.12684e+11
2.83155e+07
2.35845e+11
5.56403e+11
1.72061e+07
3.45239e+11
6.08918e+11
1.94586e+06
2.61908e+11
7.61994e+11
6.10381e+07
4.25646e+11
3.11126e+10
4.81184e+06
1.00675e+11
6.83793e+10
4.13258e+07
8.82025e+11
1.21075e+11
1.71732e+07
4.59592e+11
4.04971e+11
3.4936e+07
9.99562e+11
6.29332e+11
3.07316e+07
2.43609e+11
2.38038e+10
3.24858e+07
5.77437e+11
5.02548e+11
4.98924e+07
1.87577e+11
9.19229e+11
2.09682e+07
3.77012e+11
4.62486e+11
6.45255e+07
5.04107e+11
6.46935e+11
2.66987e+07
8.58608e+11
2.08499e+11
4.62023e+07
9.93714e+11
4.96517e+11
1.85681e+06
1.83172e+11
5.49919e+11
8.14461e+06
4.24992e+11
2.08207e+11
9.72396e+06
7.05574e+11
8.88942e+11
3.08872e+07
7.42529e+11
7.26767e+11
2.1445e+07
5.18213e+11
7.33495e+11
5.70878e+07
8.22725e+11
6.13183e+11
1.19449e+06
2.68236e+10
6.49637e+11
8.9718e+06
5.66394e+11
6.39429e+11
4.52737e+07
7.57787e+10
7.64878e+11
3.11287e+06
2.45049e+11
8.71904e+10
1.33048e+07
3.92341e+11
3.29431e+10
8.43169e+07
6.64834e+10
1.69759e+11
1.4785e+07
3.70414e+11
8.54012e+11
6.5885e+07
1.20695e+11
3.53469e+10
8.99254e+07
7.0923e+11
4.72987e+10
7.78001e+06
1.53498e+11
4.53781e+10
3.00842e+06
3.86827e+10
4.01454e+11
1.74791e+07
4.18225e+11
5.73251e+11
4.17262e+07
8.41781e+11
5.95514e+11
6.63543e+07
2.4585e+10
6.56467e+10
6.6115e+06
5.67916e+10
